# Created by Octave 3.8.2, Sat Nov 21 17:33:46 2015 GMT <geckojsc@debian>
# name: difference_gradient_filterX
# type: global matrix
# rows: 2
# columns: 2
 -1 1
 -1 1


# name: difference_gradient_filterY
# type: global matrix
# rows: 2
# columns: 2
 1 1
 -1 -1


# name: first_order_gaussian_filter_1d_length5
# type: matrix
# rows: 1
# columns: 5
 0.1897126574535904 0.1740656311723023 0 -0.1740656311723023 -0.1897126574535904


# name: gaussian_filter_1d_length5
# type: matrix
# rows: 1
# columns: 5
 0.05448868454964294 0.2442013420032333 0.4026199468942475 0.2442013420032333 0.05448868454964294


# name: laplacian
# type: global matrix
# rows: 3
# columns: 3
 0 1 0
 1 -4 1
 0 1 0


# name: robertsA
# type: global matrix
# rows: 2
# columns: 2
 0 1
 -1 0


# name: robertsB
# type: global matrix
# rows: 2
# columns: 2
 -1 0
 0 1


# name: sobelX
# type: global matrix
# rows: 3
# columns: 3
 -1 0 1
 -2 0 2
 -1 0 1


# name: sobelY
# type: global matrix
# rows: 3
# columns: 3
 1 2 1
 0 0 0
 -1 -2 -1


